session_id      accuracy        prediction_mean    exp_lvl
42              1.0
1               0.0
32              0.0
21              0.0
31              0.0
43              0.0
13              0.0
2               1.0
33              0.0
41              0.0
23              0.0
3               0.0003332222592469177
11              0.0
12              0.0
22              0.0

                                ###MISTAKE###
42              0.0             [1 1 1 ... 1 1 1]
1               1.0             [1 1 1 ... 1 1 1]
32              0.9996667777407531              [1 1 1 ... 1 1 1]
21              0.0             [1 1 1 ... 1 1 1]
31              1.0             [1 1 1 ... 1 1 1]
43              0.0             [1 1 1 ... 1 1 1]
13              0.0             [1 1 1 ... 1 1 1]
2               0.0             [1 1 1 ... 1 1 1]
33              1.0             [1 1 1 ... 1 1 1]
41              0.0             [1 1 1 ... 1 1 1]
23              0.0             [1 1 1 ... 1 1 1]
3               1.0             [1 1 1 ... 1 1 1]
11              0.0             [1 1 1 ... 1 1 1]
12              0.0             [1 1 1 ... 1 1 1]
22              1.0             [1 1 1 ... 1 1 1]

42              1.0             2.0
1               1.0             0.0
32              0.0             0.9996667777407531
21              1.0             0.0
31              0.0             2.0
43              0.9996667777407531              1.999666777740753
13              1.0             3.0
2               0.0             2.999666777740753
33              0.0             1.000333222259247
41              1.0             2.0
23              1.0             1.0
3               0.0             0.0
11              0.0             2.0
12              1.0             3.0
22              0.0             0.0


                                ####AS COUNTS####
42              1.0     2.0     0    0.0
                                1    0.0
                                2    1.0
                                3    0.0

1               0.0     3.0     0    1.0
                                1    0.0
                                2    0.0
                                3    0.0

32              0.0     2.0     0    0.0
                                1    0.0
                                2    0.0
                                3    1.0

21              0.0     1.0     0    1.0
                                1    0.0
                                2    0.0
                                3    0.0

31              0.0     2.0     0    0.0
                                1    0.0
                                2    0.0
                                3    1.0

43              0.9996667777407531   1.999666777740753              0    0.0
                                                                    1    0.0
                                                                    2    1.0
                                                                    3    0.0

13              1.0     3.0         0    0.0
                                    1    0.0
                                    2    0.0
                                    3    1.0

2               0.0     2.0         0    0.0
                                    1    1.0
                                    2    0.0
                                    3    0.0

33              0.0     1.0         0    0.0
                                    1    0.0
                                    2    0.0
                                    3    1.0

41              1.0         2.0     0    0.0
                                    1    0.0
                                    2    1.0
                                    3    0.0

23              0.0         3.0     0    0.0
                                    1    1.0
                                    2    0.0
                                    3    0.0
  
3               0.0          0.0    0    0.0
                                    1    1.0
                                    2    0.0
                                    3    0.0

11              0.0         2.0     0    0.0
                                    1    0.0
                                    2    0.0
                                    3    1.0

12              0.0         0.0     0    0.0
                                    1    0.0
                                    2    0.0
                                    3    1.0

22              0.0         2.0     0    0.0
                                    1    1.0
                                    2    0.0
                                    3    0.0


42              0.0             2               3.0
1               0.0             0               2.0
32              0.0             3               1.0
21              0.0             0               1.0
31              1.0             3               3.0
43              0.0             2               3.0
13              1.0             3               3.0
2               0.0             1               2.0
33              0.0             3               2.0
41              0.0             2               0.0
23              1.0             1               1.0
3               0.0             1               2.0
11              1.0             3               3.0
12              0.0             3               0.0
22              0.0             1               3.0
